4.565931688311751779e-01
4.164497331350250353e-01
3.883191928479652333e-01
3.512966709094521023e-01
2.990547624207412492e-01
2.293012424861767540e-01
1.846583622506863531e-01
1.278723895963937429e-01
9.910638281809801275e-02
7.031248738458281689e-02
5.649377959960067558e-02
4.349034975865885555e-02
3.804008755969721239e-02
3.412350554728851154e-02
3.202084060485550776e-02
3.039407651697409798e-02
2.999595487571205324e-02
2.903218564669893254e-02
2.834424140339601716e-02
2.771421358805006840e-02
2.737956011482266250e-02
2.714978285255344875e-02
2.668913031681318174e-02
2.634346711752396514e-02
2.577318037804109466e-02
2.543772143046629450e-02
2.509326652709460356e-02
2.436466587302434442e-02
2.381851140296144601e-02
2.324647788150064481e-02
