1.639515633184259968e+01
-4.402723794446636862e-01
-1.044010427518412421e+01
-8.565138685772330618e+00
3.287984199795503937e+00
1.117371425705845667e+01
2.568681834927616148e+00
6.408734595291300629e+00
8.176455327556370278e+00
9.081994236243279062e+00
3.258090578040826468e+00
-1.820062028057021664e+00
3.552460623341267443e+00
-2.151086698114303974e+00
1.184546886902383989e+01
4.280884376590579521e+00
9.877892414611091354e+00
1.104156196735748807e+01
1.027852571415364480e+01
7.756448438719960592e-01
-3.793335134818327070e+00
-3.213692336812291050e-01
-2.700784587322779817e+00
-1.376716243945870888e+00
-3.088504558109729903e+00
-1.264688008444127876e+00
-4.733237571160400670e+00
-1.396680305048403570e+00
1.531065107347379417e+01
-5.159655601392548974e+00
-5.142590339659334209e-01
-5.092763156250867063e+00
-4.619542644275996146e+00
1.789775464369193436e+00
1.215394978091674627e+00
-7.654677274617321947e-01
3.403427477285198233e+00
-5.991641175071796610e+00
-1.124760726394138821e+00
-6.121287526844639837e-01
5.847614520293991092e+00
-3.066754362655499833e+00
-6.126772267334727573e+00
-3.632595195786166631e+00
7.477956912125569566e+00
2.889591928700637080e+00
-7.278730180893660417e+00
-4.797060882303344265e+00
-4.704752848651371444e+00
3.465860177285889687e+00
-2.722226453142206903e+00
5.723618976835307848e+00
-4.409476346327390495e+00
6.521097122047583738e+00
-3.096240922070222501e-01
-2.384496209455584825e+00
5.560079877601385334e+00
1.642270162544580803e+00
-1.098584515588128287e-02
-1.267754360675251268e+00
-4.667266254056420260e-01
-1.507472614749408457e+01
4.327073650771138702e+00
9.219190303160742062e+00
-1.360804822938414205e+00
1.707752591630431915e+00
1.263211919644735737e+01
-3.968032091239538151e+00
-5.138686782435576639e+00
4.945115279832042354e+00
-6.806236330414169089e+00
-2.729054823144669295e-01
-3.551641719821880372e+00
-8.180360035671336405e+00
1.568916831688412561e+00
-3.247391333297536153e+00
-7.775692879140203573e+00
-9.408719567005345397e+00
6.292189617946118751e+00
6.415490233019073285e-01
5.640976471357259214e+00
7.913289276284580787e+00
-9.203174053945311073e-01
-5.915270831155964970e+00
-2.522955747134218552e+00
-3.104232039930117537e+00
9.161628350827967893e+00
-3.512383227043538447e+00
3.760051969468008792e+00
7.277764385442386796e+00
-7.094817899162729091e+00
7.336548248748158585e+00
1.098038942796740969e+00
-2.432207098512284116e+00
-9.856324632183682155e+00
3.166449019674466125e+00
-3.901059472738651834e+00
1.494003808629563057e+00
1.256919038843424552e+01
-6.656589997382520885e+00
-5.400245949631410358e-01
1.988273436896921709e+00
-9.793394794894750177e+00
-5.837026414389916429e-01
-9.291604058111474274e+00
8.335034895209949557e-01
-5.890537344343340642e+00
-7.915891746959681008e+00
-1.938953271506352882e+00
-1.931965773199925129e+00
-1.751848839686019677e+00
3.426481797771021132e+00
7.260580812570210263e+00
6.787911639669645503e+00
4.838864760541667920e+00
-9.477180455112021562e+00
1.582633579653155154e-01
1.572222346110864200e+00
4.822079946854850085e+00
-1.914564921120359386e+01
-2.536990995186786613e+00
3.025259426215744174e+00
-1.893251811583440913e+00
5.710423601649511349e-01
5.471792153601535702e+00
-6.528010882697628858e+00
-1.007531561203150972e+01
3.496667091307622766e+00
-6.501169137697903722e+00
-1.463133302600133190e+00
-3.553619017325792662e+00
-1.270435874615818694e-01
-3.128939599332720700e+00
2.145407961962543908e+00
5.531576191950132504e+00
-9.860182353779357589e-01
1.501572395870093724e+00
2.107807362903184156e+00
5.975895207637465845e+00
1.233743341548929617e+00
-1.608656669980472964e+00
-3.212466831272114298e+00
7.869990022023223730e+00
4.611435972462707866e+00
